RMSE: 0.047758
R2: 0.909478
