RMSE: 0.076231
R2: 0.964427
